2 20020.792
4 22733.716
6 25274.283
8 27161.636
10 28672.624
12 29678.979
14 31490.582
16 32524.506
18 33240.813
20 35196.871
22 36387.064
24 37559.879
2 20287.010
4 23264.531
6 25554.366
8 26980.323
10 28325.635
12 29290.102
14 31035.461
16 32592.562
18 33676.725
20 33529.489
22 36539.059
24 38458.518
2 20460.395
4 23224.371
6 25110.174
8 27539.277
10 30297.109
12 28629.124
14 31168.468
16 32253.354
18 33917.412
20 35479.845
22 36311.983
24 38834.036
2 20284.072
4 23494.563
6 25791.572
8 27506.499
10 28627.747
12 30556.016
14 31653.216
16 32752.349
18 36360.650
20 34958.120
22 36018.979
24 38192.841
2 20098.862
4 23873.165
6 25891.077
8 27378.105
10 28423.021
12 30067.248
14 31205.969
16 32837.652
18 33328.522
20 34885.117
22 36203.246
24 38235.715
2 20021.859
4 23453.097
6 24920.324
8 26974.618
10 28156.917
12 29018.399
14 31532.900
16 35573.034
18 44714.857
20 50988.195
22 51713.711
24 53959.990
2 29352.527
4 32291.348
6 37053.760
8 39031.065
10 40403.202
12 42250.038
14 42539.026
16 46280.371
18 51247.871
20 50192.426
22 54486.061
24 55839.767
2 26189.601
4 36570.364
6 38188.956
8 42967.954
10 40010.594
12 46584.537
14 47191.470
16 46072.531
18 50694.483
20 50263.418
22 54813.092
24 45481.139
2 20209.896
4 22133.062
6 24688.961
8 28049.256
10 28161.649
12 45087.338
14 16 