2 5.129
4 4.222
6 4.210
8 4.236
10 4.953
12 4.210
14 4.968
16 6.318
18 5.117
20 4.236
22 3.967
24 6.347
2 4.024
4 4.214
6 3.896
8 3.902
10 4.275
12 5.174
14 4.375
16 3.966
18 4.241
20 4.860
22 5.469
24 5.127
2 4.243
4 4.368
6 5.002
8 4.189
10 4.280
12 5.085
14 4.642
16 11.963
18 4.236
20 4.851
22 6.016
24 4.382
2 5.332
4 5.237
6 5.000
8 4.218
10 4.001
12 4.258
14 4.586
16 11.998
18 3.897
20 6.367
22 4.253
24 4.203
2 4.315
4 5.244
6 4.218
8 4.288
10 4.206
12 5.082
14 4.236
16 4.258
18 4.316
20 4.099
22 4.958
24 4.284
