2 2671.897
4 1883.426
6 1364.726
8 1133.363
10 1449.025
12 2353.406
14 2392.420
16 2517.287
18 2676.969
20 3097.820
22 3369.864
24 3654.332
2 2774.001
4 1790.433
6 1288.476
8 1190.114
10 1365.363
12 2147.350
14 2504.734
16 2526.405
18 2681.500
20 2928.390
22 3142.709
24 3526.493
2 2677.949
4 1766.324
6 1328.630
8 1188.963
10 1228.439
12 2378.282
14 2390.523
16 2513.120
18 2757.424
20 3091.546
22 3138.910
24 3548.416
2 2749.343
4 1846.617
6 1205.407
8 1184.325
10 1321.761
12 2226.774
14 2384.484
16 2550.428
18 2772.865
20 2970.220
22 3252.512
24 3498.746
2 2630.034
4 1788.921
6 1231.226
8 1110.051
10 1815.184
12 1887.203
14 2375.422
16 2672.226
18 2845.362
20 2876.789
22 3201.035
24 3720.642
2 2629.242
4 1604.257
6 1234.040
8 1050.933
10 1747.249
12 2278.076
14 2380.644
16 2573.554
18 2724.455
20 2958.648
22 3034.338
24 3426.691
2 2842.014
4 1795.064
6 1302.820
8 1127.405
10 883.703
12 1740.713
14 2540.139
16 2386.219
18 2636.243
20 2975.374
22 3081.084
24 3461.196
2 2736.465
4 1820.514
6 1249.145
8 1139.537
10 1173.665
12 1906.453
14 2483.109
16 2609.018
18 2770.408
20 3031.527
22 3123.118
24 3407.656
2 3044.961
4 1617.609
6 1217.004
8 998.517
10 1227.420
12 2287.296
14 2358.892
16 2624.668
18 2779.847
20 3031.860
22 3348.022
24 3579.853
2 2630.013
4 1851.156
6 1367.454
8 1265.553
10 1606.983
12 2229.764
14 2510.445
16 2867.966
18 3150.374
20 3654.212
22 3936.885
24 4537.794
