2 5106.156
4 4936.920
6 5014.021
8 5057.442
10 4954.973
12 5075.275
14 5046.219
16 4955.667
18 4924.649
20 5034.056
22 5051.640
24 5011.261
2 5138.814
4 5051.528
6 5054.185
8 4982.290
10 4980.462
12 4969.252
14 4915.548
16 4936.942
18 4994.451
20 5063.242
22 4987.850
24 4957.312
2 4985.178
4 4977.901
6 4980.345
8 4991.265
10 5003.548
12 5004.922
14 5003.302
16 4984.460
18 5016.354
20 5017.017
22 4974.879
24 4951.087
2 5066.264
4 4984.537
6 5030.314
8 5083.456
10 4979.271
12 4941.080
14 4966.922
16 5070.859
18 4985.522
20 4992.737
22 5062.142
24 5032.702
2 4984.585
4 4933.346
6 5016.823
8 5112.536
10 4977.812
12 4979.178
14 4968.332
16 5064.141
18 4973.950
20 5015.567
22 4979.364
24 5050.696
2 5065.659
4 4938.206
6 4972.224
8 5051.653
10 5054.419
12 5035.596
14 4967.009
16 4982.389
18 5015.325
20 5036.528
22 4949.668
24 5051.759
2 5058.713
4 4997.690
6 4967.962
8 4998.466
10 5004.989
12 4977.355
14 5008.751
16 4991.735
18 4984.202
20 5036.484
22 4975.689
24 4936.864
2 4949.333
4 4928.491
6 4920.105
8 4981.027
10 4984.518
12 4947.544
14 5000.033
16 5026.323
18 4992.553
20 4986.944
22 5000.927
24 5006.562
2 4941.801
4 4992.711
6 4988.250
8 4971.638
10 4928.505
12 5002.577
14 5000.996
16 5006.447
18 5036.364
20 4992.798
22 5004.169
24 4992.145
2 4981.331
4 5011.883
6 5028.866
8 4991.251
10 5025.533
12 4984.474
14 4930.689
16 5001.745
18 4943.396
20 4940.568
22 5012.575
24 5027.656
