2 16400.251
4 16508.868
6 17252.699
8 16891.226
10 16613.868
12 16774.072
14 17132.055
16 17014.639
18 16650.140
20 16453.070
22 17032.579
24 17097.173
2 16989.171
4 16597.558
6 16640.492
8 16813.932
10 16924.088
12 16771.027
14 16476.820
16 16866.077
18 16349.848
20 16201.217
22 16842.769
24 16513.831
2 17212.075
4 16552.052
6 16503.030
8 16380.145
10 15901.949
12 16166.160
14 15916.744
16 15774.258
18 16855.862
20 16198.077
22 16546.654
24 16582.532
2 16783.124
4 16568.834
6 16016.188
8 16765.378
10 16768.742
12 16588.271
14 16513.964
16 16662.671
18 16576.451
20 16709.240
22 16788.881
24 17069.523
2 17174.067
4 16811.521
6 16607.309
8 16967.526
10 16654.683
12 16547.456
14 17128.599
16 16840.661
18 17197.112
20 17057.119
22 16818.987
24 17091.950
2 16683.388
4 16681.557
6 16839.738
8 17158.006
10 17090.508
12 16864.405
14 16876.688
16 17148.967
18 16778.493
20 16810.187
22 16720.302
24 16865.010
2 16833.390
4 16868.058
6 16786.852
8 16828.968
10 16690.322
12 16684.196
14 16525.058
16 16571.914
18 17061.145
20 16862.994
22 17001.686
24 15995.050
2 16363.626
4 16785.233
6 16349.160
8 16814.538
10 16152.691
12 17136.550
14 16744.469
16 17056.504
18 17415.530
20 17254.611
22 16803.178
24 17038.049
2 16814.328
4 17005.406
6 16550.016
8 16872.993
10 16867.711
12 16540.229
14 16731.159
16 16788.064
18 16850.622
20 16914.345
22 16790.457
24 16863.124
2 16229.649
4 16342.794
6 16814.150
8 17314.362
10 16962.841
12 16947.950
14 16506.381
16 16677.423
18 16713.680
20 16579.196
22 16284.458
24 16841.086
