2 55.640
4 52.827
6 80.266
8 226.367
10 279.382
12 976.748
14 1526.103
16 1696.957
18 1826.627
20 2045.313
22 2703.788
24 3034.136
2 50.058
4 57.040
6 246.694
8 383.303
10 371.529
12 317.418
14 1632.080
16 1756.483
18 2196.755
20 2674.796
22 2819.738
24 3265.878
2 44.002
4 42.629
6 135.201
8 39.776
10 551.120
12 438.743
14 1505.113
16 2182.607
18 2370.136
20 2585.308
22 2799.256
24 3089.244
2 67.440
4 97.667
6 87.461
8 218.463
10 303.986
12 1376.180
14 1498.903
16 1719.117
18 1938.444
20 2543.631
22 2765.043
24 3038.618
2 47.010
4 133.479
6 121.393
8 65.967
10 193.517
12 426.352
14 1690.767
16 1894.471
18 2089.937
20 2367.612
22 2741.867
24 2745.145
2 38.440
4 55.163
6 68.631
8 208.020
10 244.487
12 706.201
14 1563.539
16 1923.273
18 2291.206
20 2513.774
22 2562.944
24 3084.542
2 66.107
4 64.330
6 67.034
8 207.382
10 213.048
12 1192.442
14 1114.768
16 1981.385
18 2058.718
20 2539.550
22 2451.373
24 2884.454
2 131.509
4 81.815
6 96.049
8 115.501
10 1008.540
12 1279.805
14 1539.188
16 1931.694
18 2032.862
20 2245.006
22 2584.722
24 3076.724
2 64.386
4 70.646
6 164.761
8 199.213
10 115.807
12 1152.150
14 1564.272
16 2131.172
18 2011.331
20 2275.604
22 2686.854
24 2975.278
2 51.434
4 43.919
6 35.380
8 188.313
10 125.660
12 1036.779
14 1513.576
16 1695.391
18 2292.082
20 2341.899
22 2832.293
24 3012.984
