2 1954.736
4 2232.072
6 2498.040
8 2676.769
10 2566.013
12 2770.217
14 3171.742
16 3343.524
18 3313.892
20 3579.506
22 3643.177
24 3895.522
2 2015.366
4 2062.368
6 2205.564
8 2826.718
10 2775.388
12 3109.364
14 2712.572
16 3049.942
18 3236.319
20 3499.427
22 3664.629
24 3847.069
2 2176.882
4 2243.183
6 2523.027
8 2527.367
10 2671.510
12 2896.854
14 2980.064
16 3029.726
18 3272.005
20 3696.400
22 3459.134
24 3712.898
2 2027.465
4 2424.505
6 2319.349
8 2415.457
10 2930.690
12 3063.405
14 3173.640
16 3175.577
18 3578.740
20 3711.088
22 3767.333
24 3942.943
2 2044.606
4 2281.598
6 2468.072
8 2495.424
10 2847.167
12 2886.899
14 3035.348
16 3111.202
18 3288.455
20 3724.876
22 3528.284
24 3841.282
2 1979.561
4 2141.908
6 2534.464
8 2697.973
10 2782.767
12 2805.253
14 3185.721
16 2978.723
18 3397.289
20 3503.512
22 3643.106
24 3720.445
2 1914.465
4 2138.029
6 2633.733
8 2450.890
10 2654.657
12 2800.931
14 2961.440
16 2927.108
18 3356.970
20 3433.250
22 3502.816
24 3729.822
2 1887.085
4 2382.322
6 2604.987
8 2930.962
10 2472.742
12 2987.379
14 3141.155
16 3205.186
18 3519.219
20 3613.472
22 3640.505
24 4019.195
2 1981.053
4 2133.905
6 2376.583
8 2779.346
10 2664.877
12 3112.573
14 3182.239
16 3173.737
18 3334.570
20 3702.946
22 3733.734
24 3616.419
2 1981.960
4 2211.850
6 2387.954
8 2458.036
10 2823.085
12 2885.602
14 3043.450
16 3552.454
18 3469.905
20 3245.055
22 3630.808
24 3905.194
