2 16861.923
4 16559.262
6 16257.798
8 16550.678
10 16541.685
12 16730.892
14 16761.167
16 16259.071
18 16545.265
20 17451.739
22 16489.873
24 16440.505
2 16295.993
4 16343.624
6 16629.106
8 16644.286
10 16581.919
12 16999.913
14 16745.423
16 16623.868
18 16527.990
20 16233.552
22 16517.512
24 16596.570
2 17133.000
4 17213.233
6 16554.981
8 16972.950
10 16912.471
12 16817.059
14 16922.196
16 16726.454
18 16921.077
20 16640.290
22 17108.185
24 16584.838
2 16987.257
4 16856.301
6 16392.215
8 17248.531
10 17000.529
12 17517.184
14 16970.011
16 16951.682
18 16960.917
20 16516.439
22 16407.087
24 16930.465
2 16774.366
4 17301.223
6 16652.346
8 16110.995
10 16726.389
12 16175.178
14 16582.204
16 16372.017
18 16601.541
20 17022.266
22 16987.217
24 16551.009
2 16786.095
4 16348.831
6 16613.531
8 16690.249
10 16620.091
12 16212.864
14 16913.216
16 16574.135
18 16743.204
20 16672.427
22 16422.118
24 16786.481
2 16760.144
4 16897.312
6 16609.084
8 16529.244
10 16234.370
12 16541.991
14 16647.562
16 16674.640
18 16680.250
20 16668.899
22 16558.837
24 16325.069
2 16794.351
4 16694.767
6 16867.267
8 16527.727
10 17008.973
12 17001.825
14 16687.832
16 16610.316
18 16508.010
20 16793.986
22 16806.947
24 16822.391
2 16577.067
4 16853.515
6 16666.322
8 16757.419
10 15965.225
12 16702.946
14 16958.510
16 16876.588
18 16662.737
20 16293.377
22 16887.675
24 16484.094
2 16054.155
4 16526.357
6 17012.253
8 16613.727
10 17336.643
12 16811.092
14 16596.276
16 16267.872
18 17026.747
20 17271.455
22 16590.749
24 16287.708
