2 866.441
4 925.131
6 1069.197
8 1555.504
10 3287.482
12 6501.935
14 7763.796
16 9175.038
18 10679.412
20 11166.195
22 12518.587
24 14039.491
2 664.786
4 912.967
6 1182.426
8 1283.700
10 2566.039
12 3741.916
14 7874.965
16 9875.793
18 10265.661
20 11779.267
22 12695.554
24 14489.902
2 735.772
4 1040.723
6 1229.415
8 1234.413
10 3088.384
12 6393.595
14 8323.824
16 9166.533
18 10368.877
20 11768.139
22 12878.819
24 14286.780
2 720.308
4 959.959
6 1079.427
8 1189.735
10 3454.680
12 7007.145
14 7950.049
16 8979.539
18 10575.594
20 11814.948
22 12875.448
24 13325.097
2 735.612
4 927.821
6 1063.454
8 1279.211
10 2861.750
12 6602.232
14 7870.646
16 9278.848
18 10307.886
20 11798.209
22 13065.650
24 13958.126
2 890.490
4 920.721
6 1187.178
8 1494.603
10 1519.755
12 6243.578
14 8405.894
16 9617.111
18 11141.367
20 11450.692
22 13839.824
24 14994.888
2 830.655
4 1183.263
6 1495.735
8 1507.476
10 4579.554
12 6804.683
14 8528.231
16 9697.541
18 10809.030
20 12720.007
22 13580.518
24 14814.997
2 755.348
4 1055.821
6 1104.372
8 1329.877
10 2319.588
12 4950.465
14 8151.433
16 9541.728
18 11627.972
20 13199.215
22 14612.332
24 16602.757
2 975.506
4 854.746
6 1440.998
8 2510.507
10 4924.530
12 7834.930
14 9780.896
16 11189.552
18 12308.214
20 13577.527
22 15427.000
24 16629.787
2 831.654
4 925.877
6 1398.015
8 2599.195
10 5212.995
12 8620.171
14 10399.894
16 10907.303
18 12610.879
20 14387.856
22 15588.389
24 17595.698
