2 0.608
4 0.606
6 0.611
8 0.609
10 0.606
12 0.608
14 0.608
16 0.604
18 0.606
20 0.606
22 0.606
24 0.607
2 0.606
4 0.608
6 0.606
8 0.608
10 0.606
12 0.607
14 0.607
16 0.607
18 0.607
20 0.609
22 0.608
24 0.608
2 0.604
4 0.607
6 0.611
8 0.611
10 0.610
12 0.606
14 0.608
16 0.605
18 0.608
20 0.606
22 0.607
24 0.607
2 0.606
4 0.609
6 0.609
8 0.607
10 0.618
12 0.608
14 0.607
16 0.606
18 0.609
20 0.606
22 0.608
24 0.607
2 0.608
4 0.606
6 0.608
8 0.609
10 0.607
12 0.608
14 0.610
16 0.610
18 0.606
20 0.609
22 0.610
24 0.609
