2 116.047
4 111.799
6 248.339
8 425.972
10 534.891
12 835.551
14 802.909
16 1069.859
18 1103.675
20 1464.592
22 1383.796
24 1373.888
2 96.091
4 126.410
6 236.132
8 251.881
10 443.296
12 694.712
14 881.505
16 974.775
18 1203.805
20 1379.943
22 1586.450
24 1624.225
2 74.904
4 162.218
6 194.392
8 218.195
10 289.796
12 739.053
14 880.677
16 1046.533
18 945.173
20 1131.826
22 1334.938
24 1539.989
2 127.126
4 200.999
6 216.888
8 442.239
10 459.205
12 694.373
14 822.328
16 988.221
18 1222.336
20 1186.701
22 1406.102
24 1718.810
2 133.425
4 145.944
6 183.163
8 224.399
10 503.134
12 746.706
14 845.582
16 1149.768
18 1162.809
20 1205.908
22 1602.745
24 1511.311
2 88.900
4 145.950
6 115.387
8 233.819
10 579.251
12 820.917
14 829.964
16 937.559
18 1052.883
20 1213.831
22 1436.317
24 1817.576
2 104.363
4 147.204
6 142.084
8 147.483
10 311.725
12 698.148
14 819.070
16 953.228
18 1147.250
20 1273.580
22 1550.857
24 1527.471
2 103.810
4 131.225
6 295.335
8 226.823
10 615.766
12 678.003
14 853.711
16 968.933
18 1146.502
20 1336.728
22 1455.500
24 1661.502
2 109.619
4 181.265
6 166.601
8 242.176
10 614.620
12 709.765
14 847.130
16 949.192
18 1093.218
20 1302.462
22 1499.087
24 1577.012
2 102.126
4 145.057
6 162.761
8 458.134
10 342.554
12 729.787
14 877.732
16 976.550
18 1462.518
20 1560.035
22 1372.914
24 1646.466
