2 695.496
4 730.553
6 627.712
8 592.980
10 641.188
12 655.376
14 876.162
16 627.061
18 690.652
20 610.633
22 650.644
24 642.743
2 685.364
4 637.042
6 589.197
8 608.282
10 702.860
12 620.371
14 599.925
16 588.187
18 689.060
20 658.622
22 590.201
24 614.913
2 647.364
4 650.824
6 652.542
8 727.605
10 607.446
12 616.232
14 622.229
16 611.647
18 635.601
20 654.179
22 620.866
24 667.169
2 775.715
4 656.018
6 712.263
8 642.669
10 622.609
12 660.900
14 635.540
16 683.501
18 625.690
20 696.648
22 644.661
24 605.873
2 591.463
4 615.154
6 665.515
8 595.950
10 612.067
12 623.288
14 585.758
16 583.045
18 583.197
20 603.524
22 625.655
24 634.944
2 637.029
4 696.431
6 662.206
8 608.625
10 597.219
12 641.837
14 590.341
16 622.973
18 610.520
20 647.756
22 634.021
24 621.917
2 640.633
4 620.881
6 670.223
8 599.594
10 687.732
12 617.576
14 596.676
16 622.138
18 682.140
20 662.177
22 598.474
24 737.549
2 670.877
4 649.176
6 591.272
8 615.611
10 601.055
12 612.123
14 640.938
16 656.767
18 666.280
20 658.113
22 649.245
24 602.420
2 654.378
4 582.955
6 716.236
8 626.388
10 644.495
12 617.267
14 704.455
16 714.212
18 712.716
20 616.620
22 620.381
24 593.792
2 588.894
4 606.888
6 719.637
8 632.304
10 675.234
12 610.750
14 621.661
16 610.451
18 620.217
20 588.873
22 672.535
24 587.712
