2 863.013
4 536.537
6 523.922
8 744.049
10 998.470
12 1639.589
14 2054.653
16 1841.273
18 2389.435
20 2611.162
22 2872.195
24 3233.747
2 844.320
4 474.845
6 467.976
8 412.443
10 611.586
12 1460.751
14 1949.422
16 2059.907
18 2279.289
20 2955.978
22 2941.230
24 3382.042
2 898.900
4 470.281
6 373.503
8 773.200
10 487.154
12 1486.258
14 2168.880
16 2273.388
18 2582.944
20 2491.859
22 3168.499
24 3069.670
2 897.520
4 631.365
6 424.125
8 289.288
10 938.509
12 1385.465
14 1846.858
16 2551.824
18 2632.953
20 2791.784
22 3217.923
24 3023.678
2 791.527
4 537.411
6 522.387
8 920.257
10 711.926
12 1212.169
14 1920.547
16 1924.374
18 2353.903
20 3261.033
22 2670.722
24 3175.276
2 793.442
4 530.531
6 423.239
8 953.612
10 1080.023
12 988.507
14 1827.364
16 1821.220
18 2513.217
20 2607.248
22 2897.861
24 3574.953
2 890.921
4 502.841
6 419.870
8 413.668
10 957.683
12 1636.447
14 1989.065
16 2138.010
18 2260.232
20 2802.808
22 3281.824
24 3311.798
2 844.171
4 480.030
6 453.463
8 391.893
10 1086.799
12 1354.381
14 1907.896
16 2182.526
18 4469.123
20 2577.270
22 2872.112
24 4574.763
2 914.882
4 610.044
6 376.489
8 1335.561
10 1527.139
12 1567.288
14 2053.867
16 2236.787
18 2740.701
20 2425.364
22 2625.082
24 3553.121
2 842.041
4 528.858
6 370.345
8 452.070
10 1137.909
12 1723.317
14 1940.253
16 1952.797
18 2466.217
20 2718.045
22 3179.519
24 3128.628
