2 5142.721
4 5089.889
6 5130.892
8 5087.800
10 5119.335
12 5140.432
14 5121.332
16 5070.656
18 5199.814
20 5095.709
22 5166.916
24 5129.234
2 5121.894
4 5072.862
6 5074.525
8 5079.487
10 5142.269
12 5079.875
14 5144.736
16 5060.672
18 5209.968
20 5134.283
22 5119.778
24 5120.887
2 5125.635
4 5086.610
6 5139.058
8 5085.837
10 5108.630
12 5111.470
14 5072.823
16 5130.970
18 5121.864
20 5082.927
22 5110.443
24 5177.290
2 5126.237
4 5196.297
6 5116.130
8 5033.551
10 5136.939
12 5242.783
14 5197.974
16 5118.760
18 5182.151
20 5136.566
22 5144.784
24 5240.705
2 5174.217
4 5143.796
6 5084.954
8 5118.886
10 5132.162
12 5136.031
14 5110.633
16 5127.247
18 5074.132
20 5075.494
22 5130.755
24 5147.804
2 5147.351
4 5339.199
6 5189.198
8 5232.103
10 5124.991
12 5081.395
14 5131.676
16 5148.881
18 5201.721
20 5271.702
22 5677.566
24 5438.965
2 5111.887
4 5130.782
6 5121.865
8 5234.516
10 5398.701
12 5107.333
14 5112.187
16 5046.971
18 5101.929
20 5163.456
22 5189.557
24 5118.857
2 5127.931
4 5095.506
6 5150.616
8 5127.559
10 5107.937
12 5170.921
14 5131.121
16 5106.551
18 5071.564
20 5205.469
22 5055.571
24 5143.046
2 5130.967
4 5123.556
6 5080.853
8 5138.637
10 5138.210
12 5144.611
14 5159.034
16 5156.781
18 5099.049
20 5084.852
22 5073.392
24 5116.689
2 5080.434
4 5109.901
6 5130.605
8 5133.633
10 5065.851
12 5108.960
14 5117.884
16 5372.352
18 5196.902
20 5152.223
22 5132.780
24 5145.147
