2 7387.084
4 9657.331
6 10577.510
8 10064.124
10 10433.252
12 10027.509
14 10254.147
16 10525.498
18 10497.143
20 11446.362
22 10987.707
24 11912.513
2 9200.153
4 8330.180
6 9166.973
8 8991.575
10 9317.718
12 10534.045
14 10117.714
16 10566.949
18 11195.687
20 11719.363
22 11709.330
24 11747.684
2 7710.245
4 8489.966
6 9564.526
8 10027.354
10 10134.030
12 9980.099
14 10087.940
16 10143.111
18 10298.060
20 10130.453
22 11944.943
24 11422.433
2 7021.159
4 8922.007
6 8878.886
8 9590.866
10 9323.316
12 10311.771
14 10540.575
16 10668.985
18 10887.482
20 11120.810
22 10904.051
24 11544.776
2 7143.892
4 8130.353
6 8891.561
8 9854.997
10 9887.515
12 9829.473
14 10034.685
16 10754.407
18 10798.935
20 10913.088
22 11185.042
24 11375.807
2 7684.181
4 8764.639
6 8826.855
8 9048.976
10 9441.917
12 9586.236
14 9979.847
16 10604.398
18 10994.039
20 11048.989
22 11124.829
24 11361.567
2 7842.735
4 9178.401
6 9549.669
8 9392.220
10 9593.628
12 10185.794
14 10591.098
16 11488.515
18 12238.381
20 12236.274
22 13906.293
24 13213.503
2 7487.080
4 8872.563
6 9482.612
8 10068.944
10 9706.682
12 10278.360
14 9901.066
16 10734.571
18 11273.382
20 11959.206
22 11739.926
24 11384.115
2 8343.482
4 9804.454
6 8853.987
8 9771.133
10 9902.540
12 9899.169
14 10286.736
16 11097.853
18 10952.003
20 11365.375
22 11394.386
24 12314.900
2 7324.986
4 8147.047
6 9187.433
8 9945.560
10 9706.080
12 9968.406
14 10409.153
16 10529.424
18 11125.632
20 11217.832
22 11245.142
24 11780.964
