2 53.296
4 101.369
6 149.359
8 291.515
10 460.846
12 845.122
14 978.379
16 1831.167
18 1933.100
20 2855.650
22 2658.204
24 3210.914
2 53.351
4 78.128
6 104.115
8 255.977
10 471.703
12 863.217
14 1586.769
16 2359.846
18 2457.825
20 2599.245
22 2846.428
24 3043.058
2 66.902
4 41.237
6 188.647
8 149.838
10 223.657
12 756.482
14 1052.294
16 1613.969
18 2119.891
20 2331.272
22 2681.361
24 2893.813
2 56.337
4 153.557
6 141.499
8 292.708
10 263.231
12 1275.243
14 1678.716
16 1827.536
18 2453.375
20 2272.149
22 2751.813
24 2744.009
2 54.516
4 48.422
6 165.698
8 168.501
10 337.480
12 686.495
14 1490.832
16 1673.622
18 2128.945
20 2435.737
22 2637.561
24 3195.986
2 54.235
4 120.602
6 180.857
8 317.240
10 357.005
12 601.591
14 1552.682
16 1999.926
18 2099.506
20 2325.162
22 2523.817
24 3033.954
2 49.843
4 46.530
6 70.974
8 272.023
10 227.189
12 987.096
14 1631.488
16 1911.871
18 2050.446
20 2507.964
22 2866.747
24 2786.110
2 57.369
4 27.984
6 164.656
8 311.203
10 309.226
12 547.865
14 928.065
16 1554.639
18 2156.081
20 2254.258
22 2943.108
24 2766.594
2 54.406
4 38.409
6 102.193
8 206.208
10 125.560
12 287.074
14 1448.327
16 1967.139
18 1972.341
20 2332.307
22 2523.024
24 3015.554
2 58.406
4 88.146
6 102.428
8 140.027
10 535.863
12 1466.570
14 1098.702
16 1987.429
18 2095.422
20 2405.155
22 2584.094
24 3729.567
