2 394.648
4 316.432
6 410.933
8 499.946
10 586.756
12 4538.292
14 13126.639
16 18025.291
18 20630.040
20 21942.707
22 25874.093
24 28101.466
2 494.952
4 303.206
6 221.288
8 292.574
10 1026.357
12 5956.563
14 14898.412
16 17784.123
18 20019.206
20 22036.853
22 25470.419
24 28045.416
2 407.173
4 406.234
6 446.543
8 582.358
10 647.727
12 5881.866
14 14852.731
16 17570.130
18 20228.380
20 24828.999
22 27023.709
24 28191.223
2 372.709
4 283.944
6 392.202
8 1148.564
10 3437.917
12 4016.335
14 14710.765
16 18748.987
18 21309.790
20 24561.470
22 26092.440
24 28480.929
2 417.611
4 397.133
6 343.183
8 321.759
10 491.969
12 5590.891
14 9754.546
16 18562.678
18 22310.293
20 24456.300
22 28301.293
24 29153.935
2 442.184
4 356.593
6 460.690
8 448.455
10 979.451
12 4951.201
14 14904.427
16 18133.474
18 20457.140
20 24124.557
22 27676.907
24 28029.218
2 374.532
4 484.670
6 472.944
8 346.001
10 654.983
12 404.190
14 14190.360
16 17901.542
18 20506.352
20 22701.297
22 24621.111
24 27599.711
2 414.260
4 361.409
6 358.387
8 339.495
10 755.523
12 6765.917
14 15544.933
16 17537.510
18 20032.199
20 22081.963
22 24956.738
24 28012.059
2 431.235
4 395.951
6 279.302
8 392.271
10 883.838
12 9764.027
14 15857.351
16 18489.149
18 19881.854
20 22592.457
22 24564.576
24 26869.639
2 397.432
4 309.487
6 410.760
8 317.798
10 648.661
12 4373.790
14 14308.125
16 17402.864
18 20059.612
20 21828.198
22 25429.403
24 28802.134
