2 88.729
4 74.057
6 105.864
8 105.872
10 105.937
12 112.116
14 87.892
16 76.174
18 75.314
20 105.744
22 105.846
24 105.881
2 75.754
4 58.259
6 79.358
8 58.599
10 84.351
12 75.151
14 93.554
16 64.001
18 105.917
20 109.224
22 106.819
24 107.929
2 82.316
4 87.722
6 105.772
8 57.595
10 82.033
12 71.824
14 105.918
16 102.963
18 70.993
20 105.986
22 77.486
24 61.441
2 68.879
4 60.364
6 61.886
8 88.535
10 84.689
12 70.083
14 58.169
16 80.573
18 104.085
20 61.777
22 71.239
24 106.857
2 92.226
4 102.514
6 95.847
8 111.584
10 70.623
12 77.410
14 107.045
16 105.795
18 105.832
20 105.643
22 106.690
24 105.593
2 94.792
4 79.701
6 102.459
8 85.503
10 60.442
12 61.302
14 108.237
16 95.852
18 61.064
20 99.292
22 73.256
24 81.605
2 109.458
4 105.989
6 107.438
8 102.466
10 105.932
12 89.577
14 61.935
16 107.146
18 98.974
20 59.295
22 78.148
24 61.259
2 63.618
4 111.899
6 60.728
8 84.978
10 103.588
12 81.301
14 66.399
16 83.506
18 107.410
20 107.433
22 72.008
24 107.666
2 96.720
4 67.417
6 90.355
8 106.371
10 107.944
12 85.723
14 71.995
16 106.676
18 106.313
20 106.375
22 58.384
24 105.907
2 71.387
4 59.246
6 74.240
8 66.521
10 66.973
12 81.334
14 62.358
16 68.151
18 88.024
20 83.247
22 103.398
24 85.817
