2 1543.117
4 1644.195
6 1613.761
8 1657.143
10 1574.426
12 1517.978
14 1609.182
16 1642.042
18 1617.809
20 1661.842
22 1684.868
24 1684.785
2 1601.812
4 1618.753
6 1678.462
8 1534.428
10 1653.824
12 1673.756
14 1537.913
16 1703.460
18 1682.097
20 1654.826
22 1565.263
24 1645.685
2 1688.978
4 1594.989
6 1604.670
8 1623.557
10 1703.826
12 1652.981
14 1591.678
16 1646.257
18 1632.174
20 1672.679
22 1627.339
24 1668.671
2 1702.733
4 1615.773
6 1655.433
8 1583.003
10 1632.374
12 1731.360
14 1641.612
16 1502.632
18 1532.362
20 1547.025
22 1589.318
24 1655.238
2 1569.216
4 1470.756
6 1510.140
8 1684.740
10 1660.389
12 1581.646
14 1652.109
16 1670.768
18 1616.419
20 1665.572
22 1685.065
24 1646.658
2 1669.086
4 1606.871
6 1688.531
8 1689.182
10 1673.059
12 1598.799
14 1722.855
16 1481.277
18 1710.082
20 1708.048
22 1607.229
24 1577.222
2 1597.355
4 1643.273
6 1715.741
8 1530.208
10 1540.653
12 1728.249
14 1572.527
16 1683.341
18 1679.042
20 1712.246
22 1689.418
24 1521.821
2 1575.807
4 1645.795
6 1693.880
8 1540.486
10 1693.536
12 1547.537
14 1678.629
16 1653.232
18 1704.416
20 1738.018
22 1734.251
24 1627.894
2 1693.858
4 1736.243
6 1710.441
8 1715.038
10 1626.874
12 1603.541
14 1500.160
16 1633.092
18 1624.891
20 1726.647
22 1691.611
24 1761.224
2 1579.953
4 1682.660
6 1700.702
8 1594.288
10 1491.183
12 1688.022
14 1731.283
16 1540.943
18 1774.370
20 1517.169
22 1542.811
24 1737.745
