2 1639.736
4 1717.820
6 1730.873
8 1711.987
10 1507.820
12 1556.955
14 1705.081
16 1540.936
18 1601.597
20 1574.195
22 1661.853
24 1614.133
2 1603.847
4 1656.084
6 1540.108
8 1613.249
10 1506.418
12 1615.380
14 1773.060
16 1611.823
18 1596.285
20 1605.893
22 1543.578
24 1654.375
2 1643.606
4 1626.713
6 1677.691
8 1751.235
10 1667.996
12 1617.108
14 1526.023
16 1666.115
18 1685.911
20 1681.543
22 1714.346
24 1720.147
2 1679.631
4 1554.760
6 1603.575
8 1593.918
10 1577.456
12 1654.618
14 1681.368
16 1623.079
18 1635.648
20 1707.838
22 1688.796
24 1534.847
2 1681.155
4 1530.299
6 1714.560
8 1648.685
10 1633.210
12 1651.114
14 1573.400
16 1578.285
18 1651.769
20 1725.590
22 1661.547
24 1715.657
2 1693.840
4 1684.181
6 1560.321
8 1677.264
10 1684.233
12 1604.864
14 1584.412
16 1706.113
18 1700.878
20 1703.540
22 1679.354
24 1561.111
2 1573.994
4 1679.369
6 1600.548
8 1643.174
10 1585.717
12 1656.214
14 1693.611
16 1582.249
18 1704.717
20 1630.292
22 1724.354
24 1708.340
2 1716.293
4 1619.597
6 1661.583
8 1565.483
10 1693.827
12 1674.127
14 1707.226
16 1639.237
18 1703.252
20 1710.183
22 1667.739
24 1643.779
2 1631.179
4 1655.707
6 1661.601
8 1693.091
10 1482.457
12 1570.045
14 1644.894
16 1681.482
18 1765.658
20 1628.907
22 1706.648
24 1696.755
2 1692.060
4 1662.361
6 1713.289
8 1601.037
10 1668.859
12 1487.478
14 1608.811
16 1730.518
18 1672.330
20 1586.593
22 1599.971
24 1647.200
