2 5.301
4 3.518
6 2.963
8 4.318
10 3.988
12 3.499
14 3.513
16 3.187
18 3.541
20 4.201
22 3.487
24 2.814
2 2.829
4 2.828
6 5.350
8 2.929
10 2.831
12 3.502
14 4.166
16 3.521
18 5.170
20 2.810
22 3.620
24 3.522
2 5.100
4 4.709
6 5.342
8 3.525
10 4.044
12 3.908
14 3.520
16 2.814
18 2.879
20 4.909
22 3.515
24 3.427
2 4.733
4 3.542
6 3.537
8 3.463
10 3.508
12 4.344
14 3.511
16 2.827
18 3.512
20 2.812
22 4.063
24 3.546
2 3.747
4 2.700
6 3.500
8 3.504
10 3.557
12 3.523
14 5.155
16 2.805
18 3.517
20 3.448
22 3.518
24 3.529
