2 101.866
4 101.849
6 101.486
8 72.859
10 57.577
12 102.788
14 101.815
16 58.528
18 94.666
20 61.829
22 57.936
24 75.119
2 86.367
4 98.088
6 58.288
8 101.814
10 103.576
12 85.410
14 61.397
16 66.222
18 65.495
20 74.900
22 70.496
24 63.566
2 71.320
4 62.881
6 71.464
8 114.795
10 102.364
12 58.487
14 90.243
16 85.495
18 71.381
20 60.881
22 110.781
24 97.349
2 62.397
4 58.555
6 62.576
8 102.076
10 73.721
12 62.049
14 98.847
16 76.029
18 103.681
20 101.745
22 100.660
24 103.399
2 94.962
4 65.106
6 61.506
8 96.219
10 58.374
12 72.408
14 102.145
16 105.251
18 60.872
20 73.146
22 87.966
24 101.577
2 60.845
4 100.087
6 101.668
8 101.577
10 111.453
12 101.968
14 99.626
16 91.801
18 104.542
20 102.089
22 101.709
24 103.651
2 107.110
4 101.888
6 103.050
8 65.290
10 62.108
12 76.393
14 101.702
16 103.454
18 90.825
20 101.652
22 103.701
24 106.410
2 59.400
4 82.436
6 101.721
8 75.439
10 58.429
12 101.698
14 101.746
16 104.193
18 102.564
20 64.520
22 70.136
24 101.687
2 60.149
4 103.901
6 102.387
8 103.216
10 104.826
12 109.577
14 98.779
16 101.806
18 75.032
20 103.786
22 101.511
24 57.465
2 57.481
4 70.339
6 97.773
8 97.460
10 96.852
12 103.565
14 101.127
16 96.036
18 59.075
20 66.637
22 64.091
24 60.496
