2 5.829
4 5.835
6 5.829
8 5.828
10 5.831
12 5.824
14 5.835
16 5.845
18 5.828
20 5.834
22 5.828
24 5.830
2 5.830
4 5.825
6 5.826
8 5.823
10 5.831
12 5.825
14 5.830
16 5.832
18 5.831
20 5.829
22 5.832
24 5.828
2 5.829
4 5.836
6 5.829
8 5.831
10 5.834
12 5.833
14 5.833
16 5.837
18 5.833
20 5.833
22 5.834
24 5.826
2 5.828
4 5.830
6 5.830
8 5.831
10 5.826
12 5.834
14 5.835
16 5.826
18 5.828
20 5.835
22 5.829
24 5.830
2 5.828
4 5.830
6 5.830
8 5.839
10 5.831
12 5.831
14 5.829
16 5.831
18 5.833
20 5.833
22 5.835
24 5.836
