2 517.475
4 292.110
6 236.246
8 371.260
10 418.316
12 1304.436
14 11748.918
16 17928.813
18 20874.565
20 23603.825
22 26658.525
24 28823.299
2 371.823
4 362.970
6 245.454
8 472.090
10 569.846
12 1976.638
14 15113.063
16 17848.134
18 20873.030
20 22246.614
22 25656.842
24 28689.702
2 459.205
4 419.607
6 340.810
8 329.417
10 871.846
12 4514.413
14 14693.629
16 17373.898
18 20829.396
20 23734.232
22 26607.487
24 28680.649
2 463.447
4 284.753
6 309.891
8 181.063
10 469.978
12 2854.531
14 15519.334
16 16909.664
18 20134.242
20 22996.931
22 27177.451
24 28431.007
2 413.548
4 290.452
6 388.262
8 255.891
10 764.663
12 8690.117
14 14352.158
16 18244.147
18 21211.735
20 23255.266
22 24923.660
24 28433.886
2 432.250
4 362.643
6 307.823
8 458.263
10 838.527
12 5968.978
14 8026.442
16 17395.693
18 20714.716
20 22772.134
22 25973.469
24 28593.206
2 424.988
4 295.526
6 214.853
8 303.135
10 362.090
12 3672.932
14 12930.085
16 18479.544
18 21890.240
20 23956.107
22 26396.005
24 28454.631
2 429.320
4 308.019
6 309.866
8 396.596
10 1322.840
12 2606.984
14 11429.687
16 17449.479
18 20466.475
20 23176.989
22 25156.174
24 28524.686
2 379.698
4 336.217
6 295.024
8 558.045
10 1518.667
12 3573.840
14 14606.132
16 18088.263
18 19983.138
20 23164.104
22 25087.256
24 28006.371
2 449.843
4 368.985
6 236.806
8 351.643
10 1203.311
12 5703.349
14 15783.628
16 16826.136
18 19945.381
20 22975.921
22 26224.280
24 28503.301
