2 9378.728
4 6630.020
6 14483.661
8 20631.283
10 17953.190
12 28199.133
14 34370.009
16 37020.153
18 40078.014
20 44272.803
22 35977.075
24 33428.652
2 8636.457
4 4696.461
6 3599.563
8 3330.339
10 13683.525
12 18689.227
14 20874.502
16 24889.614
18 28470.546
20 29752.892
22 32674.815
24 36555.344
2 8922.644
4 4568.624
6 6141.222
8 9297.527
10 17112.892
12 20334.297
14 24082.891
16 26009.738
18 27750.960
20 29633.053
22 32180.519
24 35188.992
2 8830.449
4 5184.174
6 6874.193
8 11255.282
10 15005.595
12 15442.803
14 23944.899
16 23770.417
18 25617.609
20 28000.762
22 30354.111
24 33048.577
2 8684.126
4 4584.286
6 3955.415
8 2772.303
10 10868.549
12 17422.651
14 21058.645
16 22022.010
18 25748.246
20 27836.824
22 30235.173
24 31514.901
2 8630.770
4 4634.404
6 3516.094
8 4030.576
10 10900.846
12 16721.459
14 21586.862
16 22557.394
18 25440.299
20 28376.092
22 32401.595
24 33355.994
2 8887.886
4 4504.269
6 3594.084
8 3441.721
10 13096.468
12 17517.343
14 20952.791
16 23148.431
18 25819.992
20 27486.958
22 30932.030
24 33869.903
2 8633.979
4 4594.576
6 3404.705
8 4158.640
10 11661.348
12 16575.840
14 20520.650
16 22558.721
18 26144.592
20 27625.632
22 30460.547
24 32072.308
2 8629.367
4 4842.380
6 3402.501
8 4076.437
10 12279.718
12 18309.523
14 20729.501
16 22913.605
18 26378.169
20 28008.598
22 29277.499
24 32958.012
2 8588.804
4 4686.417
6 3721.476
8 4975.863
10 5715.464
12 18264.688
14 21321.794
16 22092.434
18 24470.711
20 28440.695
22 29413.931
24 32541.762
