2 630.916
4 618.652
6 717.390
8 659.666
10 621.150
12 609.491
14 631.358
16 626.853
18 699.073
20 737.115
22 583.908
24 621.968
2 609.925
4 689.223
6 680.795
8 587.892
10 716.512
12 604.319
14 674.925
16 678.737
18 727.538
20 690.120
22 599.146
24 621.282
2 647.957
4 607.380
6 593.890
8 678.867
10 650.704
12 603.966
14 628.652
16 630.629
18 653.614
20 744.787
22 591.328
24 727.466
2 667.334
4 598.246
6 710.800
8 621.916
10 610.013
12 618.864
14 681.540
16 613.252
18 608.360
20 669.221
22 676.847
24 712.248
2 626.474
4 597.435
6 692.791
8 662.174
10 604.149
12 599.047
14 631.759
16 686.458
18 688.136
20 626.361
22 637.706
24 659.184
2 591.549
4 602.645
6 639.517
8 647.620
10 629.414
12 683.396
14 625.797
16 621.124
18 658.369
20 655.359
22 583.410
24 618.848
2 687.271
4 665.638
6 625.277
8 602.183
10 618.631
12 700.082
14 606.708
16 639.062
18 635.809
20 656.043
22 639.440
24 630.104
2 660.662
4 623.894
6 705.029
8 623.362
10 607.502
12 659.678
14 636.367
16 671.141
18 650.504
20 639.269
22 655.467
24 624.458
2 601.184
4 645.440
6 605.223
8 724.792
10 586.641
12 596.754
14 593.743
16 639.155
18 586.466
20 624.848
22 626.631
24 632.523
2 647.508
4 640.609
6 653.280
8 612.743
10 614.968
12 654.940
14 702.469
16 708.126
18 655.296
20 602.652
22 624.096
24 662.368
