2 4.238
4 5.113
6 5.137
8 11.909
10 4.304
12 4.283
14 5.002
16 5.131
18 4.232
20 4.137
22 4.234
24 4.323
2 4.256
4 3.946
6 3.877
8 4.281
10 3.884
12 4.023
14 4.337
16 3.947
18 4.218
20 4.228
22 4.319
24 5.121
2 4.980
4 4.180
6 4.205
8 5.468
10 4.953
12 11.219
14 4.612
16 4.245
18 4.370
20 5.034
22 4.311
24 4.274
2 4.228
4 5.332
6 4.133
8 4.274
10 4.946
12 5.598
14 4.924
16 4.944
18 4.441
20 5.519
22 5.026
24 4.260
2 4.169
4 4.255
6 3.875
8 3.841
10 3.934
12 5.074
14 5.014
16 4.365
18 5.027
20 3.989
22 4.220
24 4.368
