2 8807.951
4 4380.109
6 3463.834
8 3297.723
10 8657.629
12 16412.376
14 19319.428
16 20895.560
18 23379.425
20 27206.260
22 30410.083
24 31595.339
2 8988.988
4 5203.012
6 3707.161
8 3201.061
10 8542.388
12 15748.933
14 18701.613
16 22382.451
18 25224.986
20 27134.583
22 29460.629
24 32862.569
2 8570.682
4 4913.166
6 3461.257
8 4089.776
10 9285.326
12 16614.849
14 19809.223
16 22336.823
18 24861.137
20 27988.921
22 29813.254
24 32648.569
2 8823.306
4 4931.355
6 3944.210
8 4180.148
10 5519.046
12 15360.258
14 19838.766
16 21853.809
18 24564.341
20 26755.557
22 30269.031
24 31642.325
2 8380.677
4 4950.121
6 4218.068
8 3198.179
10 4256.342
12 15633.607
14 19382.349
16 21224.619
18 24867.941
20 27644.872
22 31718.976
24 33407.262
2 8673.942
4 4590.411
6 3604.035
8 3321.218
10 9903.134
12 12661.788
14 19295.054
16 21910.742
18 24535.950
20 26467.097
22 28728.021
24 32424.513
2 9116.008
4 4712.069
6 4225.194
8 3905.384
10 10333.464
12 18284.071
14 19788.530
16 23044.007
18 23919.665
20 27283.763
22 29245.550
24 31590.935
2 8917.682
4 4999.925
6 3432.975
8 3737.518
10 7320.712
12 16495.035
14 19706.612
16 21443.419
18 23371.686
20 27031.374
22 29282.731
24 31720.737
2 8855.025
4 4382.954
6 3511.660
8 5028.188
10 9097.764
12 17351.357
14 19436.598
16 21341.848
18 24889.778
20 26591.136
22 29204.136
24 31440.420
2 8597.446
4 5046.922
6 3463.518
8 3055.042
10 8417.973
12 14573.726
14 19482.536
16 21949.681
18 24417.821
20 26286.442
22 29296.797
24 31339.952
