2 965.760
4 470.892
6 1049.479
8 1617.780
10 2754.837
12 2761.626
14 2784.701
16 3439.890
18 3557.339
20 3596.712
22 4138.880
24 3428.749
2 864.126
4 499.431
6 431.252
8 797.016
10 1810.448
12 1995.569
14 2668.294
16 3243.191
18 3471.465
20 3345.780
22 3382.161
24 4298.238
2 881.820
4 577.491
6 497.019
8 649.889
10 1500.622
12 1667.577
14 2577.257
16 2784.433
18 3152.511
20 3694.774
22 3362.682
24 3997.135
2 876.076
4 551.924
6 498.731
8 1505.168
10 492.389
12 2262.685
14 2700.837
16 2757.421
18 3045.206
20 3179.460
22 3550.346
24 4010.496
2 869.950
4 594.888
6 945.837
8 1302.432
10 1479.797
12 2438.061
14 2456.656
16 3005.080
18 3351.556
20 3187.904
22 4137.436
24 4174.102
2 906.492
4 502.901
6 372.053
8 414.906
10 395.192
12 1836.305
14 1816.500
16 2153.266
18 2282.746
20 2757.901
22 3254.805
24 3638.019
2 861.054
4 515.634
6 503.031
8 373.791
10 1466.523
12 1600.108
14 1838.150
16 2265.719
18 2534.290
20 2959.018
22 3285.511
24 3289.121
2 857.601
4 600.868
6 332.135
8 503.807
10 1460.174
12 1786.031
14 1968.724
16 2108.800
18 2584.715
20 2810.507
22 3163.148
24 3486.973
2 864.659
4 481.414
6 405.793
8 1402.849
10 744.224
12 1727.799
14 2068.178
16 2301.711
18 2588.897
20 2864.521
22 3171.267
24 3627.230
2 916.931
4 448.748
6 431.065
8 356.983
10 899.421
12 1716.543
14 1839.291
16 2133.243
18 2332.682
20 2933.890
22 3354.515
24 3196.320
