2 3185.589
4 1753.920
6 1244.226
8 1075.212
10 1068.199
12 2233.924
14 2965.513
16 3069.526
18 3718.331
20 3986.336
22 3701.178
24 3765.052
2 2966.121
4 1709.985
6 1277.246
8 975.954
10 896.205
12 1170.478
14 2109.855
16 2287.412
18 2695.065
20 2677.376
22 3165.780
24 3585.145
2 2920.799
4 1702.132
6 1268.952
8 1096.230
10 976.913
12 1373.479
14 2031.765
16 2570.929
18 2614.213
20 2977.942
22 3334.271
24 3589.594
2 2691.380
4 1630.300
6 1315.060
8 1067.364
10 1032.774
12 2095.030
14 2133.702
16 2463.309
18 2704.826
20 2889.289
22 3210.523
24 3448.713
2 2693.720
4 1686.477
6 1227.478
8 1061.140
10 1106.734
12 1093.926
14 2383.915
16 2266.992
18 2732.671
20 2808.371
22 3188.982
24 3677.531
2 3046.308
4 1679.461
6 1305.055
8 1003.435
10 1043.828
12 1259.303
14 2078.860
16 2697.804
18 2800.358
20 2782.933
22 3236.657
24 3683.506
2 2694.232
4 1620.818
6 1282.312
8 1063.560
10 872.349
12 1426.934
14 2126.392
16 2360.296
18 2388.969
20 2598.367
22 3201.923
24 3247.747
2 2870.800
4 1730.052
6 1316.121
8 1105.279
10 969.136
12 1384.727
14 2083.691
16 2444.207
18 2590.787
20 2856.511
22 3304.223
24 3317.868
2 2687.340
4 1523.478
6 1230.852
8 1020.042
10 1273.272
12 1546.592
14 2285.296
16 2479.898
18 2674.426
20 2925.098
22 3165.116
24 3343.218
2 2754.332
4 1638.161
6 1266.008
8 1112.112
10 1107.775
12 1153.716
14 2168.542
16 2384.700
18 2691.597
20 2736.321
22 3237.582
24 3354.477
